code        name       date   close  chg5  chg20  vs25  vs75 ma_order wk  rsi    K    hist   vr  atr_pct  off_hi
6594        ニデック 2026-09-29  2250.0 -17.4  -13.6 -14.3 -15.1  5<25<75 up 34.0 30.0  -34.19 3.66      6.1   -23.5
4519        中外製薬 2026-09-29  6096.0  -8.8  -12.2  -8.9 -13.7  5<25<75 dn 30.0 23.0  -18.82 1.75      2.7   -43.0
6146        ディスコ 2026-09-29 56680.0  12.0   -5.2   2.1 -13.4  5<25<75 dn 52.0 68.0  699.53 1.54      4.4   -38.2
7012       川崎重工業 2026-09-29  2354.5  -2.7  -10.4  -4.3 -13.2  5<25<75 dn 37.0 56.0   10.15 0.64      3.5   -37.5
6723        ルネサス 2026-09-29  3458.0   9.2    2.3   3.7 -12.0    mixed dn 52.0 75.0   50.78 0.80      4.5   -34.6
4063      信越化学工業 2026-09-29  5749.0  -0.2   -4.1  -1.9 -11.3  5<25<75 dn 40.0 65.0   28.48 0.94      2.0   -27.5
9983 ファーストリテイリング 2026-09-29 68710.0   1.5   -4.0  -0.8 -10.5  5<25<75 dn 43.0 63.0  465.43 0.99      2.2   -22.5
6954       ファナック 2026-09-29  5911.0   2.0   -1.9   0.0 -10.0    mixed dn 46.0 72.0   45.50 1.14      3.0   -33.4
5802        住友電工 2026-09-29  2173.5   5.9   -3.6   1.3 -10.0    mixed dn 50.0 80.0   21.86 0.84      4.4   -41.5
8802        三菱地所 2026-09-29  3545.0  -3.6   -5.6  -3.8  -9.2  5<25<75 dn 39.0 33.0    1.91 1.03      2.5   -34.4
6762         TDK 2026-09-29  2919.0   4.0   -5.1  -0.5  -9.0  5<25<75 dn 48.0 73.0   20.31 0.91      3.9   -32.4
6503        三菱電機 2026-09-29  5131.0  -0.6   -7.8  -3.4  -8.9  5<25<75 dn 41.0 56.0   18.33 1.19      2.9   -23.3
6367        ダイキン 2026-09-29 20705.0   0.0   -0.6  -0.3  -8.8    mixed dn 42.0 69.0  107.03 0.87      1.8   -21.7
7201       日産自動車 2026-09-29   296.9  -5.1   -4.8  -5.8  -7.9  5<25<75 dn 36.0  6.0   -1.09 1.14      2.7   -36.3
7741        HOYA 2026-09-29 23225.0   2.5   -5.1  -2.2  -7.3  5<25<75 dn 43.0 54.0   99.21 1.18      2.6   -23.6
8035    東京エレクトロン 2026-09-29 11505.0  12.9    2.7   6.3  -7.1    mixed up 59.0 93.0  163.45 0.78      4.1   -29.2
2802         味の素 2026-09-29  4978.0   0.5   -8.5  -3.4  -6.9  5<25<75 up 42.0 44.0    3.06 0.93      2.8   -21.5
8591       オリックス 2026-09-29  5864.0  -5.6   -7.6  -5.1  -6.8  5<25<75 up 36.0 27.0  -12.48 1.29      2.4   -12.2
9020       JR東日本 2026-09-29  3337.0  -6.3   -7.4  -5.4  -4.8    mixed up 36.0  9.0  -17.84 1.11      2.1   -20.8
6981       村田製作所 2026-09-29  8089.0   8.9   10.7   9.5  -4.7    mixed up 59.0 85.0  120.93 0.82      5.2   -37.3
1925       大和ハウス 2026-09-29  2173.5  -6.0   -7.8  -6.2  -4.7    mixed up 29.0  5.0  -13.24 1.36      1.8   -25.1
6902        デンソー 2026-09-29  1847.0  -4.8   -3.0  -3.7  -4.5  5<25<75 up 38.0 47.0   -2.19 1.36      1.9   -22.2
8801       三井不動産 2026-09-29  1453.0  -3.5   -4.3  -3.3  -4.0  5<25<75 dn 40.0 36.0   -2.17 1.16      2.2   -32.7
4543         テルモ 2026-09-29  2277.5  -0.6  -11.0  -4.7  -2.4    mixed up 42.0 35.0   -3.70 1.04      2.5   -15.3
3382      セブン&アイ 2026-09-29  1977.5  -3.7   -1.8  -2.5  -2.3    mixed up 39.0 26.0   -4.92 1.06      1.8   -18.2
7203      トヨタ自動車 2026-09-29  2881.5  -5.0   -6.4  -5.6  -2.2    mixed up 36.0 15.0  -16.85 1.32      2.2   -28.0
7011       三菱重工業 2026-09-29  3793.0  -2.4   -4.8  -1.3  -1.7    mixed dn 46.0 70.0   13.49 0.91      3.2   -27.2
8058        三菱商事 2026-09-29  4637.0  -6.9   -2.1  -5.0  -1.6    mixed dn 38.0  7.0  -36.15 1.14      2.6   -22.9
9022        JR東海 2026-09-29  3675.0  -4.3   -7.1  -4.9  -1.6    mixed up 36.0  8.0  -18.47 1.25      2.0   -23.9
6920     レーザーテック 2026-09-29 41000.0  14.0   18.5  14.7  -1.2    mixed dn 63.0 90.0  936.06 1.38      5.1   -30.0
8604        野村HD 2026-09-29  1529.5  -3.8   -5.1  -5.2  -0.8    mixed up 40.0 21.0  -14.15 1.13      2.8    -9.4
8316      三井住友FG 2026-09-29  3357.0  -2.4   -1.2  -2.2  -0.7    mixed up 45.0 40.0   -8.58 1.14      2.7    -7.5
8031        三井物産 2026-09-29  4829.0  -7.6   -2.0  -4.5  -0.5    mixed dn 41.0 13.0  -33.28 0.99      2.7   -27.7
5108      ブリヂストン 2026-09-29  3810.0   0.6   -7.9  -3.0   0.5    mixed up 44.0 36.0   -2.30 1.14      2.0   -13.3
8725       MS&AD 2026-09-29  4850.0  -7.8   -4.0  -4.7   1.0    mixed up 42.0 22.0  -35.91 1.23      2.6    -8.9
1605       INPEX 2026-09-29  3671.0  -6.6   -4.8  -5.8   1.0    mixed dn 40.0 20.0  -34.16 0.99      3.0   -25.9
7974         任天堂 2026-09-29  7896.0  -6.8   -9.5  -7.3   1.3    mixed up 40.0 13.0  -85.96 0.85      3.3   -46.0
6861       キーエンス 2026-09-29 79480.0   4.4   -3.3   0.9   1.3    mixed up 53.0 86.0  324.51 0.87      2.6    -9.6
9433        KDDI 2026-09-29  2923.5  -6.0    1.5  -2.1   1.8  5>25>75 up 43.0 30.0  -12.73 1.13      2.0    -6.3
9984     ソフトバンクG 2026-09-29  6035.0  -3.4   16.1   3.8   1.8    mixed dn 51.0 49.0  -11.68 0.97      6.5   -33.5
8306       三菱UFJ 2026-09-29  3592.0  -1.6   -0.4  -1.5   2.0    mixed up 47.0 50.0   -8.42 1.05      2.5    -5.8
4503       アステラス 2026-09-29  2294.0  -3.0   -4.1  -2.3   2.0  5>25>75 up 46.0 71.0   -0.73 1.01      2.2   -15.6
4568        第一三共 2026-09-29  2784.5  -5.1   -3.5  -1.9   2.0  5>25>75 up 47.0 60.0   -2.43 1.03      2.8   -33.4
6752      パナソニック 2026-09-29  4389.0   3.0    0.3   1.4   2.2  5>25>75 up 52.0 74.0   21.76 0.99      4.0   -11.9
8766      東京海上HD 2026-09-29   523.2  -5.4    2.9   0.0   2.2  5>25>75 up 49.0 41.0   -0.75 0.88      2.6    -7.3
8411       みずほFG 2026-09-29  8472.0  -0.9    1.6  -0.7   2.3  5>25>75 up 49.0 60.0  -17.63 1.13      3.0    -4.7
7751        キヤノン 2026-09-29  4587.0   1.2   -2.2   0.7   3.0  5>25>75 up 55.0 83.0   13.72 1.03      1.6    -8.9
4661   オリエンタルランド 2026-09-29  2889.0  -5.8   -4.1  -5.0   3.6    mixed up 41.0  4.0  -33.16 1.19      2.8   -22.0
5401        日本製鉄 2026-09-29   650.8  -7.4   -3.0  -4.6   3.7    mixed up 41.0 20.0   -4.62 1.16      2.6    -9.4
4452          花王 2026-09-29  3484.0  -0.3   -3.7  -0.9   3.7    mixed up 50.0 67.0   -1.91 1.26      1.8    -7.9
4502        武田薬品 2026-09-29  5739.0  -3.5   -1.2  -1.2   4.1  5>25>75 up 48.0 68.0   -4.31 1.11      2.0    -4.9
6758     ソニーグループ 2026-09-29  3732.0  -0.6   -3.6  -1.5   4.3    mixed up 50.0 40.0  -11.59 1.08      2.4   -21.9
7267         ホンダ 2026-09-29  1669.0  -2.3    0.4  -1.4   4.7  5>25>75 up 48.0 67.0   -0.46 0.89      2.6    -5.5
2914          JT 2026-09-29  6885.0  -0.4   -1.7   0.4   4.8  5>25>75 up 53.0 79.0    6.83 1.38      1.7    -4.6
9434      ソフトバンク 2026-09-29   239.5  -4.8    0.8  -1.1   5.6  5>25>75 up 47.0 43.0   -1.03 1.30      1.8    -5.3
8001       伊藤忠商事 2026-09-29  2158.0  -8.9    2.5  -2.6   6.5  5>25>75 up 45.0 10.0  -21.44 0.93      2.6   -10.0
5713      住友金属鉱山 2026-09-29  9489.0   1.7  -16.8  -7.4   6.7    mixed dn 46.0 20.0 -110.99 0.95      4.6   -28.7
6301         コマツ 2026-09-29  7398.0   4.8   -2.2   0.7   6.8    mixed up 54.0 72.0    4.72 0.93      2.9    -5.6
6857     アドバンテスト 2026-09-29 33910.0  12.1   -2.0   2.0   7.0  5>25>75 up 54.0 69.0  147.49 1.03      5.0   -12.4
6501       日立製作所 2026-09-29  5465.0  -0.2    0.6   1.9   7.2  5>25>75 up 55.0 82.0   16.20 1.09      2.6    -9.5
7733       オリンパス 2026-09-29  2026.5   0.1   -5.4  -1.1   7.5    mixed up 53.0 71.0   -2.76 0.84      2.4    -8.3
9432         NTT 2026-09-29   171.3  -4.8    1.8  -1.1   8.1  5>25>75 up 50.0 52.0   -0.99 0.99      1.8    -4.9
4689     LINEヤフー 2026-09-29   516.9  -6.7   -6.0  -3.9   8.5    mixed up 46.0 12.0   -6.20 1.09      3.0    -9.5
9104        商船三井 2026-09-29  6900.0  -7.2   -1.5  -2.9  11.5    mixed up 48.0 34.0  -55.03 0.82      3.0    -8.1
9101        日本郵船 2026-09-29  7078.0  -6.4    2.1  -2.0  13.9  5>25>75 up 50.0 34.0  -59.84 0.99      2.7    -6.9
6098     リクルートHD 2026-09-29 16700.0  -4.3   -1.6   0.6  19.6    mixed up 55.0 54.0 -102.54 0.87      3.7    -8.3
